65,4
0,517
0,472
68,2
65,1
65,3
68,1
68,3
3,2
3,1
3,3
10,201
10,167
10,243
10,305
10,129
10,77
10,241
10,237
11,4
8,14
8,11
8,7
8,2
21,3
21,2
21,1
21,0
20,3
20,2
20,1
19,3
19,2
19,1
12,3
12,2
12,1
11,30
11,29
11,28
11,27
11,25
11,23
11,20
11,18
11,17
11,16
11,15
11,14
11,13
11,11
11,10
11,9
11,8
11,7
11,6
11,5
11,3
11,2
11,1
10,299
10,297
10,292
10,289
10,267
10,264
10,263
10,261
10,259
10,235
10,231
10,217
10,119
10,85
10,1
10,83
10,3
10,2
9,7
9,1
9,5
9,3
9,2
8,18
8,13
18,1
18,3
14,1
14,3
13,1
13,3
8,12
8,10
2,2
2,1
2,3
8,9
8,1
8,6
8,3
0,0
69,34
69,33
69,32
69,31
